4294967294,2042
4294967294,2041
4294967294,2040
4294967294,2039
4294967294,2038
4294967294,2037
601,64
1369,19
984,11
984,10
655,14
771,12
599,39
599,55
1369,36
1369,58
1369,30
284,44
1369,57
1369,56
1369,41
599,95
599,84
1369,55
1369,24
1369,54
599,135
601,42
599,134
599,94
599,70
601,41
599,93
599,83
1369,53
599,133
1369,52
601,40
599,92
599,37
599,91
599,68
599,132
599,90
599,20
601,39
599,89
284,43
284,23
599,131
1369,51
1369,50
1369,6
601,38
599,88
601,21
1369,49
599,87
599,86
599,130
601,37
599,85
599,60
284,42
599,129
599,53
601,36
599,128
1369,48
601,35
599,82
599,78
599,81
599,80
1369,47
1369,46
1369,5
599,79
601,34
1369,45
284,41
1369,44
284,26
284,40
284,39
284,15
599,77
599,76
599,75
601,33
1369,43
599,74
1369,42
599,73
601,32
599,72
599,67
599,71
284,38
1369,40
771,11
601,31
284,37
4294967278,442
1369,39
4294967278,441
1369,38
599,69
4294967278,438
599,46
599,61
4294967279,243
599,66
601,30
601,29
1369,37
1369,9
1369,35
599,65
4294967278,428
4294967278,400
1369,34
599,64
599,21
1369,18
599,63
4294967279,441
599,62
601,28
4294967279,437
4294967278,387
4294967278,383
599,51
599,59
4294967279,434
4294967278,378
4294967278,377
4294967279,432
4294967279,431
510,7
510,6
4294967278,375
601,27
4294967278,373
1369,33
284,36
284,35
1369,32
4294967279,428
4294967279,424
284,34
4294967279,423
4294967278,371
4294967278,370
1369,31
4294967278,404
1369,22
4294967279,422
4294967278,368
4294967278,367
599,58
4294967278,365
4294967278,363
4294967278,362
4294967278,361
4294967278,360
4294967278,358
4294967279,419
4294967279,416
599,57
599,22
4294967278,353
4294967279,410
4294967279,409
4294967279,408
4294967279,406
4294967279,405
4294967279,427
4294967278,352
599,56
783,19
783,16
4294967278,351
4294967278,350
1187,12
4294967279,402
4294967279,401
4294967278,345
1369,29
601,26
4294967279,396
4294967279,392
599,54
4294967278,336
4294967279,157
783,18
4294967279,236
4294967278,331
4294967279,136
4294967278,326
4294967278,323
4294967279,134
4294967279,133
4294967279,319
4294967278,320
4294967279,318
4294967278,137
4294967279,317
284,33
4294967279,316
4294967278,254
599,13
4294967278,251
4294967278,246
4294967279,313
4294967279,312
1369,28
4294967279,311
4294967279,232
4294967278,234
4294967278,230
4294967278,226
4294967278,224
4294967279,307
4294967279,305
4294967279,304
601,25
1369,27
4294967279,445
4294967279,415
4294967278,222
4294967279,303
4294967278,356
4294967278,220
599,52
4294967278,218
4294967278,216
4294967278,319
4294967278,242
1369,26
4294967279,302
4294967279,300
4294967278,315
4294967279,298
4294967278,314
4294967279,297
4294967279,404
4294967279,296
4294967279,291
4294967279,290
4294967278,313
4294967278,344
4294967279,289
4294967279,288
4294967279,287
284,32
4294967279,286
4294967279,284
4294967278,335
4294967278,311
4294967279,282
4294967278,309
4294967279,281
4294967278,308
4294967278,307
4294967278,306
4294967279,280
4294967278,304
1369,25
4294967278,303
1369,10
4294967278,301
4294967279,269
4294967278,317
4294967278,300
4294967278,298
4294967278,297
4294967278,296
4294967279,264
4294967279,389
4294967279,257
4294967279,511
1369,23
4294967278,295
599,40
4294967278,294
4294967279,510
599,50
4294967279,509
4294967278,293
4294967278,292
4294967278,291
4294967279,436
4294967278,290
4294967278,289
4294967279,507
1369,21
4294967279,468
4294967278,288
1369,7
4294967279,449
4294967293,131
4294967293,130
4294967293,129
4294967293,128
4294967293,127
4294967293,126
4294967293,125
4294967293,124
4294967293,123
4294967293,122
4294967293,121
4294967293,120
4294967293,119
4294967293,118
4294967293,117
4294967293,116
4294967293,115
4294967293,114
4294967293,113
4294967293,112
4294967293,111
4294967293,110
4294967293,109
4294967293,108
4294967293,107
4294967293,106
4294967293,105
4294967293,104
4294967293,103
4294967293,102
4294967293,101
4294967293,100
4294967293,99
4294967293,98
4294967293,97
4294967293,96
4294967293,95
4294967293,94
4294967293,93
4294967293,92
4294967293,91
4294967293,90
4294967293,89
4294967293,88
4294967293,87
4294967293,86
4294967293,85
4294967293,84
4294967293,83
4294967293,82
4294967293,81
4294967293,80
4294967293,79
4294967293,78
4294967293,77
4294967293,76
4294967293,75
4294967293,74
4294967293,73
4294967293,72
4294967293,71
4294967293,70
4294967293,69
4294967293,68
4294967293,67
4294967293,66
4294967293,65
4294967293,64
4294967293,63
4294967293,62
4294967293,61
4294967293,60
4294967293,59
4294967293,58
4294967293,57
4294967293,56
4294967293,55
4294967293,54
4294967293,53
4294967293,52
4294967293,51
4294967293,50
4294967293,49
4294967293,48
4294967293,47
4294967293,46
4294967293,45
4294967293,44
4294967293,43
4294967293,42
4294967293,41
4294967293,40
4294967293,39
4294967293,38
4294967293,37
4294967293,36
4294967293,35
4294967293,34
4294967293,33
4294967293,32
4294967293,31
4294967293,30
4294967293,29
4294967293,28
4294967293,27
4294967293,26
4294967293,25
4294967293,24
4294967293,23
4294967293,22
4294967293,21
4294967293,20
4294967293,19
4294967293,18
4294967293,17
4294967293,16
4294967293,15
4294967293,14
4294967293,13
4294967293,12
4294967293,11
4294967293,10
4294967293,9
4294967293,8
4294967293,7
4294967293,6
4294967293,5
4294967293,4
4294967293,3
4294967293,2
4243767290,0
4243767289,0
4243767288,0
4243767287,0
4243767286,0
4243767285,0
4243767284,0
4243767283,0
4243767282,0
4243767281,0
4294967293,0
4294967279,83
4294967279,84
4294967279,199
4294967279,85
4294967279,308
4294967279,200
4294967279,86
4294967279,299
4294967279,201
4294967279,87
4294967279,403
4294967279,202
4294967279,89
4294967279,484
4294967279,203
4294967279,485
4294967279,90
4294967279,204
4294967279,487
4294967279,91
4294967279,205
4294967279,92
4294967279,421
4294967279,275
4294967279,206
4294967279,207
4294967279,93
4294967279,94
4294967279,505
4294967279,435
4294967279,208
4294967279,384
4294967279,209
4294967279,95
4294967279,489
4294967279,96
4294967279,210
4294967279,211
4294967279,97
4294967279,98
4294967279,506
4294967279,212
4294967279,417
4294967279,253
4294967279,99
4294967279,213
4294967279,455
4294967279,100
4294967279,214
4294967279,448
4294967279,101
4294967279,215
4294967279,277
4294967279,102
4294967279,450
4294967279,103
4294967279,453
4294967279,301
4294967279,217
4294967279,219
4294967279,221
4294967279,104
4294967279,105
4294967279,106
4294967279,218
4294967279,216
4294967279,223
4294967279,107
4294967279,225
4294967279,386
4294967279,108
4294967279,227
4294967279,229
4294967279,109
4294967279,110
4294967279,231
4294967279,111
4294967279,488
4294967279,438
4294967279,464
4294967279,480
4294967279,233
4294967279,235
4294967279,237
4294967279,112
4294967279,113
4294967279,114
4294967279,465
4294967279,387
4294967279,452
4294967279,238
4294967279,115
4294967279,240
4294967279,242
4294967279,116
4294967279,220
4294967279,117
4294967279,490
4294967279,244
4294967279,118
4294967279,439
4294967279,246
4294967279,119
4294967279,248
4294967279,250
4294967279,120
4294967279,121
4294967279,278
4294967279,258
4294967279,407
4294967279,252
4294967279,122
4294967279,254
4294967279,123
4294967279,391
4294967279,447
4294967279,255
4294967279,124
4294967279,256
4294967279,125
4294967279,390
4294967279,126
4294967279,274
4294967279,466
4294967279,127
4294967279,128
4294967279,394
4294967279,456
4294967279,492
4294967279,397
4294967279,393
4294967279,491
4294967279,129
4294967279,130
4294967279,395
4294967278,435
4294967278,390
4294967279,385
4294967279,131
4294967278,256
4294967278,257
4294967279,132
4294967278,4
4294967278,279
4294967278,5
4294967278,391
4294967278,439
4294967278,337
4294967278,338
4294967278,259
4294967278,6
4294967278,7
4294967278,392
4294967278,261
4294967278,262
4294967278,8
4294967278,9
4294967278,437
4294967278,433
4294967278,263
4294967278,264
4294967278,10
4294967278,11
4294967278,366
4294967278,265
4294967278,282
4294967278,12
4294967278,389
4294967278,283
4294967278,13
4294967278,349
4294967278,267
4294967278,14
4294967278,403
4294967278,268
4294967278,15
4294967278,393
4294967278,269
4294967278,16
4294967278,369
4294967278,270
4294967278,271
4294967278,17
4294967278,18
4294967278,272
4294967278,413
4294967278,273
4294967278,236
4294967278,19
4294967278,133
4294967278,20
4294967278,134
4294967278,440
4294967278,436
4294967278,21
4294967278,22
4294967278,135
4294967278,136
4294967278,277
4294967278,415
4294967278,23
4294967278,24
4294967278,138
4294967278,339
4294967278,255
4294967278,396
4294967278,25
4294967278,26
4294967278,139
4294967278,140
4294967278,27
4294967278,28
4294967278,395
4294967278,284
4294967278,141
4294967278,142
4294967278,29
4294967278,30
4294967278,333
4294967278,240
4294967278,143
4294967278,144
4294967278,31
4294967278,32
4294967278,244
4294967278,266
4294967278,145
4294967278,146
